1007311,2019/04/05,18,22,4,77,0
1850147,2019/04/05,12,61,37,74,17
519188,2019/04/05,19,22,5,82,0
1819729,2019/04/05,22,26,4,73,0
1862845,2019/04/05,8,14,5,54,0
1862845,2019/04/06,8,14,5,54,0
2643743,2019/04/05,9,11,6,57,0
1850147,2019/04/07,8,16,6,47,31
2130135,2019/04/07,3,5,1,70,0
964420,2019/04/07,23,23,9,69,0
964420,2019/04/06,23,23,9,69,0
1007311,2019/04/07,19,22,2,78,24
1007311,2019/04/08,22,24,2,78,0
6185811,2019/04/08,-4,-4,2,76,0
6185811,2019/04/09,3,3,3,48,0
1007311,2019/04/09,20,23,2,83,0
1007311,2019/05/11,22,26,4,64,0
